#15-04-2013	statistika po 20 notach
0	2642
1	1802
#17-04-2013	statistika po 20 notach
0	4686
1	3479
2	4516
3	6806
4	6726
#01-05-2013	statistika po 20 notach
0	2720
1	1996
2	1708
3	2063
4	1817
5	1701
6	2043
7	1912
8	1647
9	2236
#02-05-2013	statistika po 20 notach
0	1961
1	2308
2	2439
3	1757
4	1603
5	2098
6	2194
7	1709
8	1839
9	2320
10	1994
#05-05-2013	statistika po 20 notach
0	1754
1	1793
2	1882
3	1474
4	1832
#07-05-2013	statistika po 20 notach
0	1457
1	1664
2	1470
3	1817
4	2386
5	1477
6	1755
7	1873
8	1356
9	1451
#12-05-2013	statistika po 20 notach
0	1783
1	1644
2	1505
3	1285
4	1447
5	2454
6	1430
7	1409
8	1498
9	1608
#14-05-2013	statistika po 20 notach
0	2070
1	1774
2	1736
3	1507
4	1503
5	1613
6	1644
7	1726
8	2200
9	1800
#16-09-2013	statistika po 20 notach
0	3179
1	2892
2	3290
3	2578
4	3095
#03-10-2013	statistika po 20 notach
0	4558
1	3469
2	3678
3	3805
4	3638
#04-10-2013	statistika po 20 notach
0	5289
1	5388
2	7422
3	4552
4	5555
#05-10-2013	statistika po 20 notach
0	5385
1	3990
2	4492
3	5154
#05-10-2013	statistika po 20 notach
0	2898
1	2634
2	2628
3	5065
4	2981
5	2789
6	2771
7	2458
8	4688
9	4650
#06-10-2013	statistika po 20 notach
0	2994
1	3633
2	3325
3	3036
4	4240
#07-10-2013	statistika po 20 notach
0	5449
1	3526
2	6104
3	2911
4	4746
#08-10-2013	statistika po 20 notach
0	4215
1	4061
2	3868
3	2740
4	4238
5	3441
6	2962
7	2738
8	3181
9	2262
#09-10-2013	statistika po 20 notach
0	4662
1	3948
2	2105
3	4219
4	2043
#14-10-2013	statistika po 20 notach
0	4921
1	3478
2	2298
3	2655
4	2544
5	3389
#16-10-2013	statistika po 20 notach
0	3713
1	3198
2	3264
3	2220
4	2658
#19-10-2013	statistika po 20 notach
0	3695
1	2996
2	4680
3	2967
4	2947
#21-10-2013	statistika po 20 notach
0	2738
1	2040
2	4343
3	2840
4	2592
#22-10-2013	statistika po 20 notach
0	2600
1	1996
2	2165
3	2343
4	2303
#28-10-2013	statistika po 20 notach
0	2791
1	2617
2	2560
3	2408
4	2209
#29-10-2013	statistika po 20 notach
0	3484
1	2382
2	3036
3	2109
4	2234
#31-10-2013	statistika po 20 notach
0	3617
1	4016
2	2365
3	2705
4	2815
#01-11-2013	statistika po 20 notach
0	2441
1	3151
2	2152
3	2303
4	2233
#02-11-2013	statistika po 20 notach
0	2340
1	2048
2	1935
3	2017
4	2085
#03-11-2013	statistika po 20 notach
0	2140
1	2799
2	2196
3	2271
4	1741
#04-11-2013	statistika po 20 notach
0	2895
1	1885
2	1912
3	1797
4	1772
#05-11-2013	statistika po 20 notach
0	3122
1	2546
2	2713
3	1749
4	2017
#06-11-2013	statistika po 20 notach
0	2054
1	2459
2	1725
3	1932
4	1716
#08-11-2013	statistika po 20 notach
0	3160
1	2436
#08-11-2013	statistika po 20 notach
0	1600
1	1784
2	1897
3	1929
4	1991
#10-11-2013	statistika po 20 notach
0	2253
1	1867
2	2106
3	1591
4	1784
#11-11-2013	statistika po 20 notach
0	2301
1	2140
2	2712
3	3862
4	3437
#12-11-2013	statistika po 20 notach
0	2300
1	2414
2	1648
3	1843
4	1977
#13-11-2013	statistika po 20 notach
0	2066
1	1663
2	1730
3	1561
4	2479
#14-11-2013	statistika po 20 notach
0	3090
1	2264
2	3661
3	2118
4	2873
#15-11-2013	statistika po 20 notach
0	1949
1	1910
2	1737
3	1573
4	1528
#16-11-2013	statistika po 20 notach
0	2578
1	1759
2	1850
3	2191
4	2089
5	1668
#18-11-2013	statistika po 20 notach
0	3761
1	3256
2	2509
3	1873
4	1798
5	1594
#19-11-2013	statistika po 20 notach
0	1957
1	1810
2	1835
3	1803
4	1817
5	2448
#20-11-2013	statistika po 20 notach
0	2467
1	1921
2	1632
3	1550
4	1839
#21-11-2013	statistika po 20 notach
0	2094
1	1647
2	2206
3	1870
4	1900
#25-11-2013	statistika po 20 notach
0	3736
1	2389
2	2034
3	2322
4	2863
#26-11-2013	statistika po 20 notach
0	1777
1	1596
2	1953
3	1540
4	1389
#02-12-2013	statistika po 20 notach
0	1782
1	2045
2	1679
3	1843
4	1878
#03-12-2013	statistika po 20 notach
0	2234
1	1983
2	2032
3	2859
4	2068
#04-12-2013	statistika po 20 notach
0	1681
1	1435
2	1614
3	1480
4	1802
#23-12-2013	statistika po 20 notach
0	2169
1	1968
2	2303
3	2218
4	3038
#29-12-2013	statistika po 20 notach
0	2273
1	1810
2	3561
3	1686
4	1661
#09-01-2014	statistika po 20 notach
0	3021
1	4184
2	5885
3	2626
4	2363
#25-01-2014	statistika po 20 notach
0	2046
1	2097
2	2677
3	3676
4	2127
#19-02-2014	statistika po 20 notach
0	1847
1	2552
2	2617
3	1939
4	2151
#25-06-2014	statistika po 20 notach
0	2207
1	2717
2	1956
3	2807
4	2584
