#15-04-2013	statistika po 20 notach
0	3603
1	2628
#17-04-2013	statistika po 20 notach
0	3735
1	2886
2	2787
3	4891
4	3194
#01-05-2013	statistika po 20 notach
0	2320
1	2008
2	1629
3	2380
4	2759
5	1855
6	1661
7	1983
8	1909
9	1545
#02-05-2013	statistika po 20 notach
0	1864
1	1567
2	1657
3	1630
4	1394
5	1543
6	1527
7	1706
8	1632
9	2098
#05-05-2013	statistika po 20 notach
0	1701
1	1444
2	1552
3	3189
4	2115
#07-05-2013	statistika po 20 notach
0	1683
1	1554
2	1517
3	1778
4	1480
5	1515
6	1915
7	1490
8	1478
9	1645
10	1945
#12-05-2013	statistika po 20 notach
0	1522
1	1415
2	1389
3	1618
4	1383
5	1533
6	1293
7	1528
8	2597
9	1378
#14-05-2013	statistika po 20 notach
0	1194
1	1243
2	1203
3	1543
4	1366
5	1490
6	1587
7	1259
8	1876
9	1696
#16-09-2013	statistika po 20 notach
0	1686
1	2293
2	3549
3	4220
4	2402
#03-10-2013	statistika po 20 notach
0	4611
1	4968
2	4467
3	4396
4	5916
#04-10-2013	statistika po 20 notach
0	4002
1	3804
2	5189
3	4596
4	5320
#06-10-2013	statistika po 20 notach
0	5799
1	4149
2	2853
3	2443
4	4790
#07-10-2013	statistika po 20 notach
0	6684
1	4923
2	8187
3	5147
4	6214
#08-10-2013	statistika po 20 notach
0	3143
1	4172
2	3173
3	3221
4	4318
5	3214
6	4056
7	3843
8	1920
9	4388
#09-10-2013	statistika po 20 notach
0	3079
1	2968
2	2916
3	2088
4	2988
#14-10-2013	statistika po 20 notach
0	2508
1	2121
2	3304
3	2587
4	2183
5	3008
#16-10-2013	statistika po 20 notach
0	2174
1	2900
2	2439
3	5048
4	2628
#19-10-2013	statistika po 20 notach
0	3202
1	3005
2	3923
3	2401
4	2284
#21-10-2013	statistika po 20 notach
0	3490
1	2506
2	2043
3	1978
4	1970
#22-10-2013	statistika po 20 notach
0	2466
1	1815
2	2250
3	2082
4	1998
#28-10-2013	statistika po 20 notach
0	2839
1	3170
2	2071
3	2393
4	2335
#29-10-2013	statistika po 20 notach
0	3411
1	3312
2	3056
3	2657
4	2072
#31-10-2013	statistika po 20 notach
0	2524
1	3361
2	3835
3	2752
4	3232
#01-11-2013	statistika po 20 notach
0	2506
1	2897
2	2071
3	2106
4	2444
#02-11-2013	statistika po 20 notach
0	2622
1	2178
2	2397
3	2118
4	1828
#03-11-2013	statistika po 20 notach
0	2844
1	1959
2	2629
3	2694
4	2113
#04-11-2013	statistika po 20 notach
0	3333
1	1984
2	1760
3	2145
4	2070
#05-11-2013	statistika po 20 notach
0	2544
1	2525
2	2410
3	2051
4	2489
#06-11-2013	statistika po 20 notach
0	2431
1	2721
2	2103
3	2468
4	1828
#08-11-2013	statistika po 20 notach
0	1752
1	1866
2	1829
3	2530
4	1866
#10-11-2013	statistika po 20 notach
0	1995
1	1854
2	1733
3	1946
4	1965
#11-11-2013	statistika po 20 notach
0	2138
1	2078
2	1590
3	1703
4	1788
#12-11-2013	statistika po 20 notach
0	2036
1	2187
2	2189
3	2261
4	2409
#13-11-2013	statistika po 20 notach
0	2203
1	1627
2	1974
3	1861
4	1710
#14-11-2013	statistika po 20 notach
0	2289
1	1946
2	2983
3	3111
4	1687
#15-11-2013	statistika po 20 notach
0	1774
1	1664
2	2129
3	1523
4	1592
#16-11-2013	statistika po 20 notach
0	2026
1	1852
2	1972
3	1645
4	1709
#18-11-2013	statistika po 20 notach
0	1964
1	1778
2	2671
3	1410
4	2204
#19-11-2013	statistika po 20 notach
0	1854
1	1525
2	1612
3	2109
4	1966
#20-11-2013	statistika po 20 notach
0	1677
1	1875
2	2004
3	1854
4	1844
#21-11-2013	statistika po 20 notach
0	1697
1	2401
2	3127
3	1504
4	2168
#25-11-2013	statistika po 20 notach
0	2119
1	1672
2	1635
3	1376
4	1796
#26-11-2013	statistika po 20 notach
0	2276
1	1890
2	2043
3	2170
4	1757
#02-12-2013	statistika po 20 notach
0	1671
1	1868
2	2185
3	2277
4	2102
#03-12-2013	statistika po 20 notach
0	2700
1	1806
2	1969
3	3004
4	2554
#04-12-2013	statistika po 20 notach
0	1480
1	1705
2	1705
3	1708
4	1550
#23-12-2013	statistika po 20 notach
0	2116
1	2065
2	2789
3	3646
4	1918
#29-12-2013	statistika po 20 notach
0	2740
1	2351
2	2746
3	3204
4	2358
#09-01-2014	statistika po 20 notach
0	2080
1	1856
2	2446
3	2092
4	2091
#25-01-2014	statistika po 20 notach
0	1825
1	1731
2	1816
3	2198
4	2125
#19-02-2014	statistika po 20 notach
0	2552
1	2285
2	2918
3	2542
4	2473
#25-06-2014	statistika po 20 notach
0	2430
1	2347
2	2056
3	7088
4	2203
