#26-02-2013	statistika po 20 notach
0	2490
#26-02-2013	statistika po 20 notach
0	2108
1	2755
2	2140
3	1906
#26-02-2013	statistika po 20 notach
0	2792
1	3016
2	2730
3	3237
4	2218
#27-02-2013	statistika po 20 notach
0	3714
1	2138
2	3011
3	2234
4	1745
5	2357
6	2115
#27-02-2013	statistika po 20 notach
0	2855
1	2029
2	2906
3	2254
4	2810
#28-02-2013	statistika po 20 notach
0	1996
1	3521
2	1848
3	3338
#03-03-2013	statistika po 20 notach
0	2820
1	3191
2	3985
3	4990
4	2322
5	2571
#05-03-2013	statistika po 20 notach
0	3063
1	2630
2	2784
3	2994
4	2541
5	2979
#26-03-2013	statistika po 20 notach
0	1745
1	2102
2	1615
3	1456
4	3092
5	1727
#27-03-2013	statistika po 20 notach
0	1566
1	2116
2	1683
3	1533
4	1527
5	1213
6	1462
7	1290
8	1772
9	1688
10	1448
11	1455
12	1907
13	1706
14	1773
15	1269
#28-03-2013	statistika po 20 notach
0	1990
1	2064
2	2149
3	2007
4	1760
5	1672
#03-04-2013	statistika po 20 notach
0	1902
1	1776
2	2288
3	1797
4	1746
5	1987
6	1897
7	2019
8	1385
9	1268
10	1830
#03-04-2013	statistika po 20 notach
0	1540
1	1305
2	1777
3	1683
4	1502
5	1336
6	1415
7	1293
8	1162
9	1290
10	1478
11	1300
#03-04-2013	statistika po 20 notach
0	1566
1	1711
2	1390
3	1255
4	1242
5	1198
6	1445
7	1422
8	1331
9	1445
#04-04-2013	statistika po 20 notach
0	1387
1	1429
2	1717
3	1649
4	1576
#09-04-2013	statistika po 20 notach
0	1099
1	1154
2	1229
3	1443
4	1399
5	1112
6	1654
