#18-10-2013	statistika po 20 notach
0	6376
1	5139
2	5718
3	4551
4	3097
#19-10-2013	statistika po 20 notach
0	5145
1	5260
2	4861
3	3851
4	5301
#21-10-2013	statistika po 20 notach
0	4039
1	2608
2	2972
3	3465
4	3155
#22-10-2013	statistika po 20 notach
0	3728
1	2218
2	2407
3	2820
4	2759
#25-10-2013	statistika po 20 notach
0	6019
1	4519
2	2570
3	3940
4	3801
5	12271
6	4436
7	3212
8	3707
9	3271
#28-10-2013	statistika po 20 notach
0	4391
1	1814
2	2878
3	2133
4	3202
#29-10-2013	statistika po 20 notach
0	5197
1	6425
2	4088
3	4446
4	3332
#31-10-2013	statistika po 20 notach
0	3434
1	4388
2	2462
3	3121
4	2799
#01-11-2013	statistika po 20 notach
0	3075
1	2401
2	1797
3	2240
4	2045
#02-11-2013	statistika po 20 notach
0	2661
1	2008
2	2160
3	2603
4	2495
#03-11-2013	statistika po 20 notach
0	2902
1	2022
2	2548
3	2156
4	2095
#04-11-2013	statistika po 20 notach
0	2624
1	2344
2	1724
3	2168
4	2265
#05-11-2013	statistika po 20 notach
0	1855
1	2236
2	1903
3	1854
4	1642
5	1761
#06-11-2013	statistika po 20 notach
0	3851
1	3666
2	3297
3	2284
4	2918
#08-11-2013	statistika po 20 notach
0	2735
1	2134
2	2614
3	2061
4	1954
#10-11-2013	statistika po 20 notach
0	2499
1	2427
2	2080
3	1876
4	1951
#11-11-2013	statistika po 20 notach
0	2791
1	1844
2	1770
3	1739
4	2574
#12-11-2013	statistika po 20 notach
0	2743
1	2015
2	1736
3	1547
4	4145
#13-11-2013	statistika po 20 notach
0	2384
1	2087
2	2445
3	1782
4	1867
#14-11-2013	statistika po 20 notach
0	2805
1	1949
2	1935
3	2633
4	2467
#15-11-2013	statistika po 20 notach
0	1817
1	2456
2	2116
3	2394
4	1671
#16-11-2013	statistika po 20 notach
0	2623
1	2176
2	1939
3	1772
4	2252
#18-11-2013	statistika po 20 notach
0	1972
1	2068
2	3311
3	3295
4	1797
#19-11-2013	statistika po 20 notach
0	2199
1	2562
2	2380
3	2380
4	2603
#20-11-2013	statistika po 20 notach
0	2160
1	2385
2	1715
3	1776
4	3226
5	2648
#21-11-2013	statistika po 20 notach
0	2320
1	1740
2	1667
3	2289
4	3261
#25-11-2013	statistika po 20 notach
0	2014
1	1652
2	1671
3	1646
4	1746
#26-11-2013	statistika po 20 notach
0	2361
1	2521
2	2583
3	3463
4	2576
#02-12-2013	statistika po 20 notach
0	2948
1	2219
2	2494
3	2131
4	2900
#03-12-2013	statistika po 20 notach
0	4658
1	2430
2	3843
3	6295
4	3404
#04-12-2013	statistika po 20 notach
0	2456
1	2167
2	1999
3	1781
4	1697
#23-12-2013	statistika po 20 notach
0	2098
1	1741
2	1833
3	2119
4	2040
#29-12-2013	statistika po 20 notach
0	2967
1	1857
2	2680
3	1797
4	2321
#09-01-2014	statistika po 20 notach
0	2814
1	2284
2	2515
3	2296
4	2233
#25-01-2014	statistika po 20 notach
0	2817
1	2889
2	2879
3	2703
4	2884
