#15-04-2013	statistika po 20 notach
0	2435
1	2345
#17-04-2013	statistika po 20 notach
0	6101
1	3519
2	3195
3	3210
4	3869
#01-05-2013	statistika po 20 notach
0	1731
1	1742
2	1588
3	2080
4	2474
5	2470
6	1949
7	1981
8	1867
9	2264
#02-05-2013	statistika po 20 notach
0	1958
1	2314
2	2410
3	1814
4	2759
5	1855
6	1812
7	2604
8	1533
9	1939
#07-05-2013	statistika po 20 notach
0	1852
1	1653
2	1884
3	1839
4	1525
5	1498
6	1751
7	2144
8	1358
9	1854
#14-05-2013	statistika po 20 notach
0	1922
1	1715
2	1575
3	2136
4	1901
5	2142
6	1452
7	1632
8	1589
9	2115
#16-09-2013	statistika po 20 notach
0	6119
1	2814
2	3006
3	3939
4	2800
#03-10-2013	statistika po 20 notach
0	4212
1	3082
2	5674
3	4368
4	3261
#04-10-2013	statistika po 20 notach
0	5544
1	7458
2	7969
3	4212
4	3687
#07-10-2013	statistika po 20 notach
0	7702
1	5774
2	5498
3	4240
4	2873
#08-10-2013	statistika po 20 notach
0	3870
1	2924
2	3063
3	3508
4	3447
5	4784
6	3830
7	2177
8	3594
9	2743
#09-10-2013	statistika po 20 notach
0	4819
1	3767
2	3464
3	3360
4	2379
#14-10-2013	statistika po 20 notach
0	3966
1	2710
2	3184
3	2589
4	3083
5	2902
#16-10-2013	statistika po 20 notach
0	4081
1	3175
2	2853
3	3233
4	2966
#19-10-2013	statistika po 20 notach
0	3561
1	2585
2	2861
3	1844
4	4425
#21-10-2013	statistika po 20 notach
0	2013
1	2714
2	2268
3	2204
4	2287
#22-10-2013	statistika po 20 notach
0	2725
1	2711
2	2060
3	2512
4	2215
#28-10-2013	statistika po 20 notach
0	3450
1	2233
2	3882
3	2586
4	2683
#29-10-2013	statistika po 20 notach
0	2486
1	3108
2	3699
3	3735
4	6728
#31-10-2013	statistika po 20 notach
0	5553
1	3435
2	3172
3	3976
4	4140
#01-11-2013	statistika po 20 notach
0	3234
1	2644
2	2373
3	1992
4	2327
#02-11-2013	statistika po 20 notach
0	2551
1	2418
2	1988
3	1968
4	1696
#03-11-2013	statistika po 20 notach
0	2744
1	1827
2	2337
3	3082
4	2814
#04-11-2013	statistika po 20 notach
0	2682
1	2308
2	1974
3	2107
4	2079
#05-11-2013	statistika po 20 notach
0	2092
1	2451
2	2555
3	2016
4	1945
#06-11-2013	statistika po 20 notach
0	3054
1	2547
2	2580
3	2702
4	2183
#08-11-2013	statistika po 20 notach
0	2614
1	2529
2	2237
3	4022
4	2839
#10-11-2013	statistika po 20 notach
0	2691
1	1829
2	1896
3	2344
4	1513
#11-11-2013	statistika po 20 notach
0	2988
1	2220
2	1758
3	2081
4	2259
#12-11-2013	statistika po 20 notach
0	2283
1	2202
2	2563
3	2984
4	2162
#13-11-2013	statistika po 20 notach
0	2629
1	2361
2	1971
3	1830
4	1641
#14-11-2013	statistika po 20 notach
0	2527
1	1684
2	1833
3	2696
4	1991
#15-11-2013	statistika po 20 notach
0	1780
1	1760
2	2083
3	2533
4	2123
#16-11-2013	statistika po 20 notach
0	2768
1	3058
2	1979
3	4099
4	3069
#18-11-2013	statistika po 20 notach
0	2654
1	1921
2	1824
3	2076
4	1687
5	1946
6	2148
7	2471
8	1983
9	2227
#19-11-2013	statistika po 20 notach
0	2611
1	2034
2	2421
3	1480
4	1965
#20-11-2013	statistika po 20 notach
0	2227
1	2397
2	2124
3	2179
4	2389
#21-11-2013	statistika po 20 notach
0	2260
1	2042
2	2308
3	4270
4	2287
5	2741
#25-11-2013	statistika po 20 notach
0	2196
1	2668
2	2389
3	1356
4	1862
#26-11-2013	statistika po 20 notach
0	2078
1	2324
2	2185
3	2545
4	2928
#30-11-2013	statistika po 20 notach
0	2741
1	2659
2	2003
3	2453
4	1860
#02-12-2013	statistika po 20 notach
0	3130
1	3383
2	1696
3	2131
4	1802
#03-12-2013	statistika po 20 notach
0	3557
1	2925
2	2610
3	2499
4	2312
#04-12-2013	statistika po 20 notach
0	1991
1	1986
2	1690
3	1686
4	2040
#29-12-2013	statistika po 20 notach
0	3535
1	3367
2	2468
3	3588
4	1753
#09-01-2014	statistika po 20 notach
0	2029
1	2827
2	2519
3	2194
4	2489
#25-01-2014	statistika po 20 notach
0	2737
1	3421
2	2885
3	2121
4	2109
#19-02-2014	statistika po 20 notach
0	3402
#25-06-2014	statistika po 20 notach
0	4029
1	2652
2	3005
3	2594
4	4069
