#15-04-2013	statistika po 20 notach
0	2402
1	2632
#17-04-2013	statistika po 20 notach
0	4366
1	4690
2	3213
3	4224
4	3901
#01-05-2013	statistika po 20 notach
0	2195
1	1709
2	1894
3	1802
4	2222
5	2292
6	2449
7	3866
8	1753
9	2520
#02-05-2013	statistika po 20 notach
0	2080
1	1827
2	3031
3	4563
4	1518
5	2558
6	1828
7	2125
8	2306
9	2072
#07-05-2013	statistika po 20 notach
0	1691
1	2063
2	1469
3	2151
4	1660
5	2103
6	1871
7	1823
8	2146
9	1681
#12-05-2013	statistika po 20 notach
0	1784
1	1894
2	2034
3	2280
4	1745
5	3253
6	2143
7	2151
8	1478
9	1538
10	2454
11	2230
12	1741
#14-05-2013	statistika po 20 notach
0	1895
1	1967
2	1732
3	1684
4	1578
5	2047
6	1444
7	1384
8	1382
9	1466
#16-09-2013	statistika po 20 notach
0	5004
1	4877
2	5525
3	2885
4	4473
#03-10-2013	statistika po 20 notach
0	5295
1	2548
2	4030
3	4543
4	3234
5	4702
#04-10-2013	statistika po 20 notach
0	12122
1	5759
2	5430
3	5159
4	4363
#07-10-2013	statistika po 20 notach
0	9692
1	8066
2	4492
3	7648
4	6012
#08-10-2013	statistika po 20 notach
0	3771
1	3712
2	3116
3	3245
4	4408
5	2795
6	2685
7	3041
8	2592
9	3024
#09-10-2013	statistika po 20 notach
0	2788
1	2191
2	3160
3	3192
4	2992
#14-10-2013	statistika po 20 notach
0	3771
1	3674
2	3415
3	3822
4	2994
5	2570
#16-10-2013	statistika po 20 notach
0	4283
1	3801
2	3939
3	4641
4	2659
#19-10-2013	statistika po 20 notach
0	3939
1	3175
2	3355
3	3004
4	4817
#21-10-2013	statistika po 20 notach
0	3449
1	2429
2	2530
3	2253
4	3043
#22-10-2013	statistika po 20 notach
0	3249
1	2141
2	2475
3	2006
4	2682
#28-10-2013	statistika po 20 notach
0	3561
1	3593
2	2483
3	2890
4	2468
#29-10-2013	statistika po 20 notach
0	4503
1	2225
2	3181
3	2493
4	2314
#31-10-2013	statistika po 20 notach
0	4342
1	3428
2	2683
3	2894
4	2974
#01-11-2013	statistika po 20 notach
0	3571
1	2876
2	1928
3	1654
4	2502
#02-11-2013	statistika po 20 notach
0	2235
1	2015
2	2099
3	1778
4	1708
#03-11-2013	statistika po 20 notach
0	3053
1	2863
2	3027
3	4485
4	2392
#04-11-2013	statistika po 20 notach
0	2521
1	1717
2	1725
3	2055
4	2287
#05-11-2013	statistika po 20 notach
0	2364
1	2188
2	2113
3	1876
4	1643
#06-11-2013	statistika po 20 notach
0	2595
1	3141
2	2180
3	2427
4	3080
#08-11-2013	statistika po 20 notach
0	1890
1	2215
2	2476
3	2517
4	2043
#10-11-2013	statistika po 20 notach
0	4199
1	2332
2	1789
3	2636
4	1695
5	2016
#11-11-2013	statistika po 20 notach
0	3823
1	2498
2	3073
3	3288
4	2714
#12-11-2013	statistika po 20 notach
0	1841
1	2459
2	2330
3	1618
4	2192
#13-11-2013	statistika po 20 notach
0	3197
1	2893
2	1618
3	1827
4	2753
#14-11-2013	statistika po 20 notach
0	2003
1	1835
2	2677
3	2673
4	7508
#15-11-2013	statistika po 20 notach
0	2064
1	1882
2	1370
3	1797
4	1668
#16-11-2013	statistika po 20 notach
0	4697
1	3356
2	3253
3	1707
4	1883
#18-11-2013	statistika po 20 notach
0	1811
1	1890
2	1922
3	1753
4	1623
#19-11-2013	statistika po 20 notach
0	2038
1	1829
2	1690
3	2304
4	3472
#20-11-2013	statistika po 20 notach
0	2504
1	2985
2	2545
3	1562
4	1744
#21-11-2013	statistika po 20 notach
0	2651
1	4011
2	3017
3	2753
4	1833
#25-11-2013	statistika po 20 notach
0	3166
1	2156
2	1776
3	2193
4	2035
#26-11-2013	statistika po 20 notach
0	2872
1	2284
2	2297
3	2830
4	2114
#30-11-2013	statistika po 20 notach
0	3026
#02-12-2013	statistika po 20 notach
0	2017
1	1790
2	1835
3	1861
4	1644
#03-12-2013	statistika po 20 notach
0	2835
1	2751
2	2435
3	2208
4	2516
#04-12-2013	statistika po 20 notach
0	1639
1	2004
2	1605
3	1894
4	1527
#23-12-2013	statistika po 20 notach
0	4805
#29-12-2013	statistika po 20 notach
0	3076
1	2359
2	1964
3	4015
4	2153
#09-01-2014	statistika po 20 notach
0	2751
1	2386
2	2662
3	3962
4	2454
#25-01-2014	statistika po 20 notach
0	3200
1	2565
2	2348
3	4094
4	3302
#19-02-2014	statistika po 20 notach
0	2210
1	2555
2	2526
3	1948
4	3474
#25-06-2014	statistika po 20 notach
0	5154
1	3395
2	3585
3	3581
4	3662
