#24-02-2013	statistika po 20 notach
0	2676
1	4108
2	2811
#24-02-2013	statistika po 20 notach
0	2497
1	3897
2	3964
3	2632
4	3576
5	2491
6	2898
7	2727
#24-02-2013	statistika po 20 notach
0	3574
1	4030
#24-02-2013	statistika po 20 notach
0	3171
1	3708
2	3529
3	3014
#24-02-2013	statistika po 20 notach
0	3129
1	2584
2	3526
3	2851
4	2517
#24-02-2013	statistika po 20 notach
0	2812
1	4642
2	3212
3	2784
4	2050
5	2643
#24-02-2013	statistika po 20 notach
0	2032
1	2621
2	2566
3	3084
4	2326
5	2385
6	2638
7	2689
8	2875
9	2894
10	2694
11	2494
12	2400
13	3116
14	2555
#24-02-2013	statistika po 20 notach
0	2836
1	3519
2	3799
3	5772
4	2397
5	4063
6	2212
#25-02-2013	statistika po 20 notach
0	3215
1	3841
2	4553
3	3703
4	3489
5	4082
6	3370
7	4416
8	3256
9	2997
10	4403
11	4439
12	3358
13	2800
14	2122
15	2512
16	2796
17	2567
#25-02-2013	statistika po 20 notach
0	2432
1	4533
2	2714
#25-02-2013	statistika po 20 notach
0	3409
1	2815
2	2277
3	4627
4	3256
5	2510
#25-02-2013	statistika po 20 notach
0	2173
1	2790
2	2551
3	2288
4	2441
5	3858
6	3444
7	3568
8	2633
9	2957
10	3161
11	3124
12	3427
13	3130
#25-02-2013	statistika po 20 notach
0	2383
1	2733
2	2917
3	2192
4	3058
5	2589
6	2045
#25-02-2013	statistika po 20 notach
0	5224
1	3917
2	4689
3	3964
4	3864
5	6268
6	4407
7	2589
8	3094
9	4276
10	2591
#25-02-2013	statistika po 20 notach
0	3985
1	3494
2	3480
3	2949
4	3169
5	2697
6	2665
7	3648
8	3196
9	3678
10	4003
11	2454
12	2893
13	3359
14	2990
#26-02-2013	statistika po 20 notach
0	2702
1	2886
2	2071
3	3348
#26-02-2013	statistika po 20 notach
0	2558
1	2091
2	3274
3	2899
4	2612
#26-02-2013	statistika po 20 notach
0	4671
1	4786
#26-02-2013	statistika po 20 notach
0	3546
1	2944
#27-02-2013	statistika po 20 notach
0	2107
1	2688
2	3011
3	2708
4	2516
5	2855
6	3124
7	1807
8	3768
#27-02-2013	statistika po 20 notach
0	3226
1	4073
2	4617
3	3614
4	3238
5	4560
6	3381
7	3390
8	2668
9	3599
#28-02-2013	statistika po 20 notach
0	2352
1	2426
2	2600
3	3033
#28-02-2013	statistika po 20 notach
0	2081
1	4747
2	4912
3	4447
4	2616
#28-02-2013	statistika po 20 notach
0	2990
1	3690
2	4287
3	4068
#28-02-2013	statistika po 20 notach
0	2979
1	2656
2	2775
3	2425
4	2626
5	3269
6	2976
7	2723
8	3277
9	3163
10	2856
11	3322
12	3374
13	3063
14	3406
#01-03-2013	statistika po 20 notach
0	4847
#01-03-2013	statistika po 20 notach
0	2898
1	4299
2	3357
3	6727
4	9970
5	4594
6	2969
7	3635
8	6134
9	4940
10	10117
#03-03-2013	statistika po 20 notach
0	4353
1	3730
2	5620
3	5056
4	2651
5	2817
6	2767
7	4685
8	4391
9	2980
10	3366
#03-03-2013	statistika po 20 notach
0	2116
1	2168
#03-03-2013	statistika po 20 notach
0	3824
#05-03-2013	statistika po 20 notach
0	2425
1	2671
2	3178
3	2104
4	3652
5	3297
6	3243
7	3554
8	2602
9	3274
10	3204
11	2282
#06-03-2013	statistika po 20 notach
0	2016
1	2945
2	2446
3	2527
4	2903
5	1907
6	2197
7	3246
8	3466
9	2622
10	2685
11	3111
12	3356
#06-03-2013	statistika po 20 notach
0	2071
1	3433
2	3378
#07-03-2013	statistika po 20 notach
0	2826
1	2207
2	3045
3	3062
4	2349
5	2427
6	2284
7	3537
8	2842
9	4681
10	2749
11	3527
12	2570
13	3100
14	2987
15	3274
16	3055
17	3714
18	2785
19	3450
20	2285
#08-03-2013	statistika po 20 notach
0	2084
1	1999
2	4814
3	4222
4	3015
5	3485
6	3355
7	2704
8	3034
9	4169
10	4260
11	3811
12	2912
13	2543
14	3272
15	3053
16	4419
17	3233
18	5656
19	6052
20	3438
21	2822
22	3675
23	4242
24	4473
25	3647
26	3164
27	4482
28	2525
29	3848
30	3094
31	3995
32	3433
33	3157
34	3310
35	4526
36	4154
37	3533
38	3832
39	2977
40	3565
41	2212
#10-03-2013	statistika po 20 notach
0	3226
1	5022
2	2006
3	2941
4	4587
5	3355
6	1618
7	5175
8	2256
#10-03-2013	statistika po 20 notach
0	3188
1	2037
2	3260
3	2310
4	3828
5	3533
6	2503
7	4552
8	3011
9	2612
10	3630
11	3131
12	3159
13	2911
#10-03-2013	statistika po 20 notach
0	3052
1	1763
2	1956
3	2696
4	3532
5	2377
6	3170
7	6901
8	3759
9	5134
10	6298
11	7145
12	2094
13	2607
14	1976
15	2809
16	2247
17	2721
18	2240
#10-03-2013	statistika po 20 notach
0	2208
1	1791
2	3540
3	2155
4	3385
5	1943
#11-03-2013	statistika po 20 notach
0	4345
1	3359
2	3718
3	2909
4	3351
5	3845
6	4547
7	3100
8	2054
9	2896
10	2504
11	2082
12	1782
13	1957
14	3418
15	2762
16	2119
#12-03-2013	statistika po 20 notach
0	2120
1	4229
2	4507
3	3068
4	3541
5	4184
6	4148
7	2833
8	2828
9	5422
10	3016
#13-03-2013	statistika po 20 notach
0	1587
1	2752
2	2261
3	5017
4	2089
5	3333
6	2115
7	2388
8	2475
9	2445
#14-03-2013	statistika po 20 notach
0	2269
1	2415
2	4219
3	2331
4	1940
5	4298
6	2686
7	3397
8	2006
9	2078
10	4717
11	2136
12	2188
13	1858
14	4623
#25-03-2013	statistika po 20 notach
0	2795
1	4006
2	3328
3	2512
4	4392
5	2864
6	2017
7	2901
8	3533
9	1709
10	2427
#26-03-2013	statistika po 20 notach
0	2062
1	2281
2	2200
3	3204
4	2153
5	2768
6	2238
7	3373
8	2441
9	2245
10	2989
11	2074
12	2389
#26-03-2013	statistika po 20 notach
0	1880
1	1842
2	2392
3	2369
4	2052
5	2317
6	1881
7	2069
8	2465
9	3806
#27-03-2013	statistika po 20 notach
0	3069
1	3648
2	2408
3	2378
4	2031
5	2187
6	2991
7	2086
8	1914
9	1962
10	1884
11	1978
12	1639
13	1894
14	1787
15	2152
16	2055
#28-03-2013	statistika po 20 notach
0	2159
1	2634
2	3114
3	2843
4	2175
5	2486
6	2601
7	2651
8	2687
9	3175
10	2549
11	2624
12	2537
13	2260
14	2353
15	2500
16	2767
17	2289
18	1971
19	2071
20	2042
#03-04-2013	statistika po 20 notach
0	2311
1	2464
2	3531
3	2939
4	2614
5	3163
6	2428
7	1982
8	2651
9	2550
10	2641
11	1581
12	2029
13	2075
14	1493
15	1795
16	1618
17	1721
18	1679
19	2210
20	1764
21	1858
22	2223
#03-04-2013	statistika po 20 notach
0	1866
1	2233
2	1691
3	2286
4	1602
5	2562
6	2567
7	1253
8	1550
9	1599
10	1931
#03-04-2013	statistika po 20 notach
0	2012
1	1648
2	1914
3	2088
4	1644
5	1791
6	1976
7	1781
8	2133
9	2109
#04-04-2013	statistika po 20 notach
0	1981
1	1924
2	2502
3	2309
4	1934
#05-04-2013	statistika po 20 notach
0	1661
1	2220
2	2575
3	3072
4	1869
5	2042
6	1731
7	2007
#05-04-2013	statistika po 20 notach
0	3033
#07-04-2013	statistika po 20 notach
0	3689
#07-04-2013	statistika po 20 notach
0	2717
1	4190
2	5456
#08-04-2013	statistika po 20 notach
0	1362
1	1878
2	1977
3	1298
4	1500
5	1630
6	1775
7	1948
8	1661
#09-04-2013	statistika po 20 notach
0	1438
1	2107
2	2658
3	1939
4	1976
5	1528
6	1812
7	1688
#10-04-2013	statistika po 20 notach
0	1987
#11-04-2013	statistika po 20 notach
0	2446
1	1775
2	2991
3	2050
4	4381
#15-04-2013	statistika po 20 notach
0	3060
1	2185
#17-04-2013	statistika po 20 notach
0	3836
1	4607
2	2669
3	2639
4	2667
5	2846
#18-04-2013	statistika po 20 notach
0	2001
#21-04-2013	statistika po 20 notach
0	1884
1	2261
2	3123
#26-04-2013	statistika po 20 notach
0	2015
1	2652
#27-04-2013	statistika po 20 notach
0	1839
1	2753
2	1949
3	2617
4	3731
5	3150
#01-05-2013	statistika po 20 notach
0	2313
1	2089
2	1688
3	1703
4	1223
5	1625
6	1454
7	1920
8	2263
9	1768
#02-05-2013	statistika po 20 notach
0	2524
1	2324
2	1693
3	1520
4	2216
5	1867
6	1575
7	1442
8	1434
9	1906
#04-05-2013	statistika po 20 notach
0	2238
#06-05-2013	statistika po 20 notach
0	1844
1	1469
2	1528
3	2059
4	1433
#07-05-2013	statistika po 20 notach
0	1393
1	1182
2	1537
3	2863
4	1548
5	2068
6	1121
7	1628
8	1393
9	1777
#12-05-2013	statistika po 20 notach
0	2930
1	1554
2	1232
3	1256
4	1497
5	1365
6	2154
7	1350
8	1595
9	1306
10	1450
11	1318
#14-05-2013	statistika po 20 notach
0	1466
1	1526
2	1427
3	1497
4	1787
5	1275
6	1427
7	1549
8	1308
9	1717
#16-05-2013	statistika po 20 notach
0	2082
1	1510
2	2111
3	2117
4	3170
#17-05-2013	statistika po 20 notach
0	2551
1	2506
2	3417
#25-06-2013	statistika po 20 notach
0	2164
1	1638
2	2405
3	2859
4	3681
#21-08-2013	statistika po 20 notach
0	1985
1	2130
2	2891
#25-08-2013	statistika po 20 notach
0	2438
1	1887
2	2843
3	2126
4	1686
5	2767
6	1670
7	3171
8	1122
9	1983
#16-09-2013	statistika po 20 notach
0	2380
1	2268
2	2973
3	2024
4	2150
#26-09-2013	statistika po 20 notach
0	3801
1	2195
2	2482
3	1915
4	2589
#30-09-2013	statistika po 20 notach
0	3204
1	2481
2	2632
3	2700
4	2686
5	2361
6	1903
7	2719
8	2166
9	2490
#03-10-2013	statistika po 20 notach
0	1896
1	1860
2	1732
3	1712
4	2337
#04-10-2013	statistika po 20 notach
0	1871
1	1911
2	2547
3	2041
4	2410
#05-10-2013	statistika po 20 notach
0	1733
1	2322
2	4185
3	3737
4	2667
#05-10-2013	statistika po 20 notach
0	4221
1	3152
2	1701
3	1954
4	4723
5	4175
6	4009
7	3092
8	2983
9	3458
#06-10-2013	statistika po 20 notach
0	1929
1	2010
2	2289
3	1852
4	1971
#07-10-2013	statistika po 20 notach
0	2256
1	1891
2	1769
3	1806
4	2383
#08-10-2013	statistika po 20 notach
0	2775
1	2470
2	1679
3	2279
4	3812
5	2173
6	2776
7	1584
8	1568
9	1645
#09-10-2013	statistika po 20 notach
0	1874
1	1793
2	2152
3	3431
4	1390
#14-10-2013	statistika po 20 notach
0	2033
1	2104
2	1977
3	2152
4	1896
5	2139
6	2023
7	1699
8	2406
9	1542
#16-10-2013	statistika po 20 notach
0	2042
1	1641
2	1784
3	2518
4	1720
#16-10-2013	statistika po 20 notach
0	1621
1	1709
2	1338
3	1650
4	2091
5	1675
6	1849
7	1332
8	2006
9	1404
#19-10-2013	statistika po 20 notach
0	1809
1	2024
2	1566
3	1655
4	1616
#21-10-2013	statistika po 20 notach
0	1805
1	2078
2	1375
3	1396
4	1355
#22-10-2013	statistika po 20 notach
0	1390
1	1318
2	1171
3	1559
4	1509
#28-10-2013	statistika po 20 notach
0	2466
1	2306
2	1451
3	1563
4	1591
#29-10-2013	statistika po 20 notach
0	1517
1	2323
2	1347
3	1884
4	1556
#31-10-2013	statistika po 20 notach
0	1878
1	1507
2	1442
3	1408
4	1871
#31-10-2013	statistika po 20 notach
0	1780
1	2057
2	1738
3	2386
4	1626
#01-11-2013	statistika po 20 notach
0	1638
1	1410
2	1275
3	1389
4	1509
#02-11-2013	statistika po 20 notach
0	1463
1	1476
2	1236
3	1350
4	1169
#03-11-2013	statistika po 20 notach
0	1478
1	1257
2	1591
3	1674
4	1522
#04-11-2013	statistika po 20 notach
0	1639
1	1593
2	1263
3	1393
4	1630
#05-11-2013	statistika po 20 notach
0	1125
1	1262
2	1159
3	1542
4	1430
#06-11-2013	statistika po 20 notach
0	1963
1	1669
2	1522
3	1802
4	2023
#08-11-2013	statistika po 20 notach
0	1722
1	1297
2	1219
3	1259
4	1325
#10-11-2013	statistika po 20 notach
0	1468
1	1707
2	1297
3	1101
4	1245
#11-11-2013	statistika po 20 notach
0	1314
1	1538
2	1245
3	1853
4	1258
#12-11-2013	statistika po 20 notach
0	1353
1	1292
2	1139
3	1280
4	1448
#13-11-2013	statistika po 20 notach
0	1359
1	1247
2	1690
3	1352
4	1169
#14-11-2013	statistika po 20 notach
0	1342
1	1833
2	1381
3	2106
4	1582
#15-11-2013	statistika po 20 notach
0	1546
1	1167
2	1368
3	1247
4	1395
#16-11-2013	statistika po 20 notach
0	1172
1	1461
2	1387
3	1259
4	1442
#18-11-2013	statistika po 20 notach
0	1360
1	1392
2	1241
3	993
4	1630
#19-11-2013	statistika po 20 notach
0	1396
1	1447
2	1242
3	1266
4	1304
#20-11-2013	statistika po 20 notach
0	1258
1	1352
2	1399
3	1406
4	1322
#21-11-2013	statistika po 20 notach
0	1333
1	1185
2	1236
3	1516
4	1232
#25-11-2013	statistika po 20 notach
0	2599
1	2583
2	2677
3	2065
4	1992
#26-11-2013	statistika po 20 notach
0	1779
1	1302
2	1374
3	1527
4	1309
#02-12-2013	statistika po 20 notach
0	1669
1	1341
2	1383
3	1548
4	1347
#03-12-2013	statistika po 20 notach
0	1527
1	2496
2	2396
3	1919
4	2746
#04-12-2013	statistika po 20 notach
0	1832
1	1465
2	1194
3	1286
4	1427
#23-12-2013	statistika po 20 notach
0	1983
1	1850
2	1556
3	1624
4	1453
#29-12-2013	statistika po 20 notach
0	1762
1	1536
2	1578
3	3158
4	1809
#03-01-2014	statistika po 20 notach
0	1423
1	1447
2	1434
3	1776
4	1536
#09-01-2014	statistika po 20 notach
0	1632
1	1280
2	1294
3	1243
4	1563
#25-01-2014	statistika po 20 notach
0	1892
1	2831
2	1648
3	1348
4	1635
#19-02-2014	statistika po 20 notach
0	1411
1	1653
2	1751
3	1503
4	1933
#25-06-2014	statistika po 20 notach
0	1452
1	1685
2	1642
3	1692
4	1758
