#15-03-2013	statistika po 20 notach
0	2410
1	2421
2	2331
3	2752
4	2571
5	2086
6	2349
7	1776
#15-03-2013	statistika po 20 notach
0	3893
1	46362
2	10452
3	10737
4	8222
5	9186
6	52016
7	14835
8	5659
9	4199
10	3892
11	2650
12	2910
13	2180
14	2758
#17-03-2013	statistika po 20 notach
0	1798
1	2782
2	1910
3	1762
4	1731
5	2406
6	3492
7	3105
8	3455
9	3355
10	5615
11	3841
12	3063
13	3158
14	2343
15	2702
16	2129
17	1803
18	2989
19	2174
#18-03-2013	statistika po 20 notach
0	1581
1	1893
2	2213
3	2269
4	2060
5	1890
6	1855
7	1685
8	1609
9	1873
10	1854
11	2237
12	2035
13	2008
14	1827
15	2621
16	1947
17	1797
18	2025
19	1884
20	2017
21	1602
#19-03-2013	statistika po 20 notach
0	1786
1	1769
2	1819
3	1849
4	1724
5	1999
6	1778
7	1793
8	1836
9	2158
10	2309
11	1906
12	2182
12	4832
13	2101
14	1990
15	2193
16	1654
17	2529
18	2308
19	2061
20	2502
21	2406
22	2125
23	2376
24	1885
25	1704
#21-03-2013	statistika po 20 notach
0	2107
1	2272
2	1706
3	2197
4	2322
5	1649
6	1945
7	2773
8	1739
9	2293
10	1638
11	1996
12	1697
13	2168
14	2571
15	2397
16	1859
17	2509
18	1808
19	2165
#21-03-2013	statistika po 20 notach
0	1869
#22-03-2013	statistika po 20 notach
0	1885
#23-03-2013	statistika po 20 notach
0	2470
1	2218
2	3357
3	3014
4	2050
5	1794
6	3598
7	2192
8	1691
9	2955
10	2720
11	2988
12	3151
#25-03-2013	statistika po 20 notach
0	1786
1	1880
2	2473
3	2631
4	2517
5	2112
6	2237
7	2957
8	2598
9	1978
10	1856
11	2671
12	1780
13	1731
14	2145
15	2695
16	2575
17	2554
18	2461
19	2896
20	1738
21	1537
22	2108
23	3108
24	2429
25	2547
26	2220
#26-03-2013	statistika po 20 notach
0	1939
1	1722
2	2109
3	1986
4	1948
5	1957
6	1713
7	2396
8	1675
9	1894
10	1818
11	1977
12	1601
13	1811
14	1877
15	2398
16	2580
17	2076
18	1753
19	2574
20	1473
21	2357
#26-03-2013	statistika po 20 notach
0	1938
1	2225
2	1801
3	2261
#27-03-2013	statistika po 20 notach
0	2243
1	2412
2	2447
3	1492
4	2390
5	1936
6	2058
7	2272
8	2180
9	2341
10	1904
11	1828
12	2360
13	2286
14	2307
15	1741
16	2755
17	2199
18	1567
#27-03-2013	statistika po 20 notach
0	1928
1	1847
#28-03-2013	statistika po 20 notach
0	2756
1	1902
2	2230
3	2064
4	2560
5	1888
6	1908
#03-04-2013	statistika po 20 notach
0	2137
1	2158
2	2497
3	1626
4	3273
5	1962
6	3294
7	2534
8	2256
9	3357
10	2702
#03-04-2013	statistika po 20 notach
0	1464
1	1386
2	1628
3	2213
4	1926
5	2228
6	1961
7	1501
8	1519
9	1874
#03-04-2013	statistika po 20 notach
0	1969
1	1958
2	1607
3	1661
4	2101
5	1672
6	1950
7	1626
8	1531
9	1616
#04-04-2013	statistika po 20 notach
0	1781
1	2177
2	1747
3	2118
4	1661
#05-04-2013	statistika po 20 notach
0	1698
1	1538
2	2085
3	2872
4	2197
5	2570
6	2658
#06-04-2013	statistika po 20 notach
0	1738
1	1841
2	1515
3	1457
4	1474
5	1243
6	1502
7	1459
8	1702
9	1356
10	1619
11	1425
12	1256
13	1408
#07-04-2013	statistika po 20 notach
0	2130
1	2443
2	2267
#08-04-2013	statistika po 20 notach
0	1646
1	1498
2	1533
3	1444
4	1535
5	1634
6	1482
7	1656
8	1585
9	1543
#09-04-2013	statistika po 20 notach
0	2018
1	2128
2	1802
3	1901
4	1793
5	2012
6	1265
7	1946
8	1825
9	1954
10	1626
11	1508
12	2358
13	1827
14	2063
15	1462
16	2323
17	2175
#11-04-2013	statistika po 20 notach
0	1357
1	1746
2	1787
3	1547
4	1340
5	1318
6	2028
7	1426
8	1821
9	1703
#18-04-2013	statistika po 20 notach
0	1473
1	1289
2	1816
3	1388
4	2018
5	2517
6	1326
#22-04-2013	statistika po 20 notach
0	1491
1	1824
2	1295
3	1737
4	1245
5	1555
6	1325
7	1240
8	1459
9	1601
#27-04-2013	statistika po 20 notach
0	1590
1	2079
2	1942
3	1976
4	1796
5	1512
6	2557
7	1311
8	1855
9	1861
#29-04-2013	statistika po 20 notach
0	1770
1	1440
2	1396
3	1583
4	1691
5	1684
6	2019
7	2215
8	1627
9	1530
#30-04-2013	statistika po 20 notach
0	1631
1	2206
2	2881
3	2220
4	2377
5	2631
6	2340
7	2035
8	2068
9	1552
#01-05-2013	statistika po 20 notach
0	1647
1	1924
2	1356
3	1354
4	1399
5	1234
6	1679
7	1300
8	1558
9	1582
#04-05-2013	statistika po 20 notach
0	2291
1	1252
2	2146
3	1616
4	2208
5	4100
6	1920
7	1544
8	1431
9	1357
10	1657
11	3357
12	2460
13	1794
14	2271
15	14956
16	1387
17	2725
18	1642
19	1457
20	1717
21	2050
22	1380
23	1495
24	1606
25	1449
26	1383
27	1676
#05-05-2013	statistika po 20 notach
0	2560
1	2644
2	2189
3	1248
4	1436
5	3731
#06-05-2013	statistika po 20 notach
0	1461
1	1186
2	1531
3	1551
4	1853
5	2140
6	3553
7	3061
8	2131
9	1262
#08-05-2013	statistika po 20 notach
0	1750
1	2742
2	2156
3	1855
#09-05-2013	statistika po 20 notach
0	1289
1	1669
2	1221
3	1617
4	2584
5	1448
6	2669
7	1326
8	1757
9	1698
#13-05-2013	statistika po 20 notach
0	1143
1	1414
2	1120
3	1251
4	1277
5	1225
6	1727
7	1779
8	1503
9	1417
10	1756
#15-05-2013	statistika po 20 notach
0	1691
1	2163
2	1864
3	1323
4	1589
5	1564
6	1342
7	1301
8	1344
9	1474
10	1409
11	1252
12	1906
#29-05-2013	statistika po 20 notach
0	1789
1	1272
2	1769
3	1202
4	1400
5	2420
6	2110
#25-08-2013	statistika po 20 notach
0	1512
1	1379
2	1596
3	1410
4	2526
5	1185
6	1442
7	1746
8	1528
9	2018
#15-09-2013	statistika po 20 notach
0	1942
1	2006
2	1892
3	2081
4	2284
#16-09-2013	statistika po 20 notach
0	2497
1	1955
2	2310
3	1920
4	2690
5	2575
6	2255
7	2207
8	1759
9	1631
#26-09-2013	statistika po 20 notach
0	2036
1	3406
2	2058
3	1405
4	2391
5	1978
6	1396
7	1660
8	2906
9	2215
10	2094
11	1567
12	2234
13	1769
14	1241
15	2231
16	1493
17	2079
18	1810
19	1595
#30-09-2013	statistika po 20 notach
0	2266
1	1622
2	2069
3	2109
4	1919
5	1858
6	1543
7	1746
8	2328
9	2029
#01-10-2013	statistika po 20 notach
0	1363
1	1318
2	1785
3	1495
4	1664
5	1849
6	1417
7	1562
8	1633
9	1235
#02-10-2013	statistika po 20 notach
0	1565
#02-10-2013	statistika po 20 notach
0	1616
1	1819
2	1321
3	2108
4	1463
#03-10-2013	statistika po 20 notach
0	1758
1	1252
2	1450
3	2864
4	2162
#25-10-2013	statistika po 20 notach
0	2479
1	2068
2	1475
3	1802
4	1914
5	1491
6	1921
7	1738
8	1886
9	1869
#02-11-2013	statistika po 20 notach
0	1537
1	2519
2	2469
#02-11-2013	statistika po 20 notach
0	1645
1	2769
2	2265
3	1317
4	1551
5	1543
6	1371
7	1231
8	1170
9	1463
#27-06-2014	statistika po 20 notach
0	1547
1	1625
2	1229
3	1393
4	1245
#06-10-2015	statistika po 20 notach
0	2064
1	1858
2	1510
3	1322
4	1831
5	1355
6	1312
7	1487
8	1629
9	1329
#07-10-2015	statistika po 20 notach
0	1415
1	1077
2	1231
3	1575
4	1170
5	1204
6	1408
7	1492
8	1372
9	1481
