#16-09-2013	statistika po 20 notach
0	5452
1	2860
2	2873
3	3144
4	3632
#03-10-2013	statistika po 20 notach
0	5899
1	6399
#03-10-2013	statistika po 20 notach
0	4078
1	4033
2	3969
3	2769
4	3404
#04-10-2013	statistika po 20 notach
0	5714
1	5294
2	4033
3	4976
4	4821
#06-10-2013	statistika po 20 notach
0	3798
1	3105
2	4035
3	4190
4	3150
5	2504
6	2056
#07-10-2013	statistika po 20 notach
0	4878
1	5135
2	6691
3	5271
4	6527
#08-10-2013	statistika po 20 notach
0	4289
1	5563
2	4119
3	4318
4	3606
5	2988
6	4429
7	2873
8	3520
9	2871
#09-10-2013	statistika po 20 notach
0	4100
1	2912
2	3529
3	3395
4	3510
#14-10-2013	statistika po 20 notach
0	3614
1	2823
2	2630
3	4262
4	3191
5	2687
6	3531
#16-10-2013	statistika po 20 notach
0	3665
1	3327
2	4658
3	2503
4	2677
#19-10-2013	statistika po 20 notach
0	2824
1	2329
2	1925
3	2414
4	2981
#21-10-2013	statistika po 20 notach
0	3140
1	2761
2	2771
3	2522
4	2561
#22-10-2013	statistika po 20 notach
0	2375
1	2397
2	2029
3	1992
4	2154
#28-10-2013	statistika po 20 notach
0	3383
1	2974
2	1869
3	1958
4	1978
#29-10-2013	statistika po 20 notach
0	3309
1	3098
2	3872
3	3852
4	3379
#31-10-2013	statistika po 20 notach
0	4763
1	4808
2	4814
3	3830
4	2493
#01-11-2013	statistika po 20 notach
0	5112
1	3087
2	2699
3	2734
4	2063
#02-11-2013	statistika po 20 notach
0	1877
1	1414
2	2205
3	1808
4	1582
#03-11-2013	statistika po 20 notach
0	2507
1	1985
2	2054
3	1660
4	2306
#04-11-2013	statistika po 20 notach
0	2065
1	1485
2	2066
3	1922
4	1726
#05-11-2013	statistika po 20 notach
0	2196
1	2009
2	1462
3	1628
4	1966
#06-11-2013	statistika po 20 notach
0	1740
1	2050
2	1468
3	1685
4	1951
#08-11-2013	statistika po 20 notach
0	2877
1	2109
2	2232
3	1492
4	1380
#10-11-2013	statistika po 20 notach
0	2162
1	1657
2	1600
3	1930
4	1888
#11-11-2013	statistika po 20 notach
0	1838
1	1844
2	2552
3	2591
4	2201
#12-11-2013	statistika po 20 notach
0	1702
1	1842
2	1712
3	1591
4	2450
#13-11-2013	statistika po 20 notach
0	2045
1	1999
2	1619
3	1629
4	1820
#14-11-2013	statistika po 20 notach
0	1952
1	2645
2	3290
3	2708
4	2306
#15-11-2013	statistika po 20 notach
0	1416
1	1415
2	1867
3	1446
4	1641
5	1503
#16-11-2013	statistika po 20 notach
0	1621
1	2002
2	1429
3	1488
4	1691
#18-11-2013	statistika po 20 notach
0	2751
1	3065
2	1743
3	1291
4	1860
#19-11-2013	statistika po 20 notach
0	1665
1	1665
2	2255
3	1526
4	1838
#20-11-2013	statistika po 20 notach
0	1757
1	1957
2	1545
3	1814
4	1587
#21-11-2013	statistika po 20 notach
0	1826
1	1388
2	1886
3	2011
4	1449
#25-11-2013	statistika po 20 notach
0	1654
1	1858
2	2616
3	2417
4	2188
#26-11-2013	statistika po 20 notach
0	2355
1	2996
2	2259
3	1912
4	1810
#02-12-2013	statistika po 20 notach
0	2307
1	2006
2	1758
3	1802
4	1892
#03-12-2013	statistika po 20 notach
0	2013
1	2314
2	2344
3	2527
4	1534
#04-12-2013	statistika po 20 notach
0	1928
1	2126
2	1417
3	1632
4	1428
#23-12-2013	statistika po 20 notach
0	1441
1	2301
2	2573
3	1968
4	1674
#29-12-2013	statistika po 20 notach
0	2937
1	2240
2	1785
3	1542
4	2339
#09-01-2014	statistika po 20 notach
0	1865
1	2638
2	1712
3	1500
4	1718
#25-01-2014	statistika po 20 notach
0	2691
1	2182
2	3229
3	2696
4	2345
#25-06-2014	statistika po 20 notach
0	3521
1	2079
2	2894
3	2617
4	4209
