#10-04-2013	statistika po 20 notach
0	5980
#11-04-2013	statistika po 20 notach
0	2259
1	1940
2	2560
3	2405
4	2283
5	2450
6	2183
7	1869
8	3124
9	2950
#22-04-2013	statistika po 20 notach
0	2345
1	1855
2	2110
3	1858
4	2159
5	2060
6	2718
7	2678
8	2168
9	1777
#27-04-2013	statistika po 20 notach
0	3457
1	3261
2	4477
3	2848
4	3226
5	2609
6	2739
7	2445
8	3345
9	3152
#29-04-2013	statistika po 20 notach
0	3136
1	3062
#30-04-2013	statistika po 20 notach
0	2433
1	2399
2	1773
3	2626
4	3523
5	3357
6	3581
7	2398
8	2674
9	1779
#04-05-2013	statistika po 20 notach
0	1746
1	1851
2	1841
3	2110
4	1849
5	1538
6	1715
7	1726
8	1549
9	1817
#06-05-2013	statistika po 20 notach
0	2276
1	1700
2	1749
3	1483
4	1521
5	1780
6	1400
7	1440
8	1513
9	1409
#09-05-2013	statistika po 20 notach
0	1915
1	1636
2	1851
3	1692
4	1726
5	1369
6	1877
7	1452
8	1659
9	1991
#13-05-2013	statistika po 20 notach
0	1885
1	1348
2	1563
3	1459
4	1444
5	1280
6	1438
7	1315
8	1411
9	1392
#15-05-2013	statistika po 20 notach
0	2127
1	2157
2	2032
3	2511
4	1672
5	1132
6	1802
7	1712
8	1257
9	1528
#16-09-2013	statistika po 20 notach
0	2391
1	1762
2	1808
3	3179
4	2153
#26-09-2013	statistika po 20 notach
0	2841
1	2556
2	1936
3	2708
4	2752
5	3161
6	2350
7	2236
8	2333
9	2233
#02-10-2013	statistika po 20 notach
0	9804
1	3634
2	4736
3	3625
4	3738
#03-10-2013	statistika po 20 notach
0	5009
1	6631
2	5718
3	3479
4	3650
