#11-04-2013	statistika po 20 notach
0	5578
1	2554
2	2388
3	1758
4	2336
5	2450
6	3261
7	2646
8	1595
9	2612
10	1636
#18-04-2013	statistika po 20 notach
0	2415
1	2165
2	2162
3	1649
4	2152
5	2270
6	1851
7	1321
#22-04-2013	statistika po 20 notach
0	1822
1	1887
2	1722
3	1860
4	1600
5	1412
6	1648
7	2201
8	1516
9	1321
#27-04-2013	statistika po 20 notach
0	2445
1	2969
2	1937
3	1696
4	1837
5	2614
6	1468
7	2398
8	2604
9	2980
#29-04-2013	statistika po 20 notach
0	2263
1	1491
2	2049
3	2260
4	1544
5	2393
6	2690
7	1698
8	1709
9	1767
#30-04-2013	statistika po 20 notach
0	2294
1	1541
2	1855
3	1594
4	3204
5	2358
6	2388
7	2571
8	2046
9	1816
#04-05-2013	statistika po 20 notach
0	1482
1	1718
2	1695
3	1820
4	1397
5	1574
6	1504
7	1339
8	2002
9	1339
10	1557
11	1684
#06-05-2013	statistika po 20 notach
0	1732
1	1337
2	1341
3	1346
4	1393
5	1636
6	1196
7	1431
8	1294
9	1572
#09-05-2013	statistika po 20 notach
0	3190
1	1527
2	1458
3	1904
4	1563
5	1583
6	1757
7	1511
8	1679
9	1674
10	1462
#13-05-2013	statistika po 20 notach
0	1598
1	1603
2	1471
3	1207
4	1231
5	1152
6	1312
7	1058
8	1346
9	1218
10	1140
11	1346
12	1170
#15-05-2013	statistika po 20 notach
0	1965
1	1532
2	1280
3	1291
4	1272
5	2173
6	2002
7	1403
8	1231
9	1249
#15-09-2013	statistika po 20 notach
0	2071
1	1434
2	2379
3	1997
4	1795
#16-09-2013	statistika po 20 notach
0	1991
1	1907
2	1752
3	1451
4	3487
5	1581
6	3154
7	2067
8	1929
9	2909
#26-09-2013	statistika po 20 notach
0	4313
1	4178
2	3907
3	2519
4	3412
5	4572
6	3854
7	2961
8	3178
9	2914
10	2202
11	2552
12	2842
13	2465
14	1953
#01-10-2013	statistika po 20 notach
0	2599
1	2388
2	1728
#02-10-2013	statistika po 20 notach
0	4588
1	4822
2	5248
3	5088
4	4827
5	5833
#03-10-2013	statistika po 20 notach
0	4863
1	3844
2	4472
3	5748
4	3837
#07-10-2015	statistika po 20 notach
0	2910
1	2108
2	1883
3	2111
4	2186
5	1647
6	1708
7	1870
8	1808
9	2315
10	2019
