#11-04-2013	statistika po 20 notach
0	2814
1	2419
2	3086
3	3020
4	2764
5	1979
6	3160
7	3386
8	4119
9	1994
#22-04-2013	statistika po 20 notach
0	2122
1	2204
2	2126
3	3069
4	2103
5	2143
6	1763
7	2098
8	2363
9	2016
#30-04-2013	statistika po 20 notach
0	3205
1	2775
2	2790
3	2991
4	2418
5	3152
6	2939
7	2320
8	3034
9	2498
#04-05-2013	statistika po 20 notach
0	1898
1	2145
2	2004
#09-05-2013	statistika po 20 notach
0	1712
1	1595
2	2368
3	1390
4	1531
5	1690
6	1666
7	1406
8	1995
9	1680
#13-05-2013	statistika po 20 notach
0	1672
1	1630
2	1451
3	1506
4	1564
5	1299
6	1187
7	1394
8	1942
9	1635
#15-05-2013	statistika po 20 notach
0	1343
1	2243
2	1904
3	1653
4	1220
5	2813
6	1616
7	1437
8	1464
9	1783
#16-09-2013	statistika po 20 notach
0	2061
1	1942
2	3913
3	2724
4	1904
#26-09-2013	statistika po 20 notach
0	3177
1	2715
2	3430
3	2333
4	3455
5	2656
6	1982
7	2972
8	1827
9	1854
#03-10-2013	statistika po 20 notach
0	4671
1	4801
2	4298
3	5832
4	4116
