#19-10-2013	statistika po 20 notach
0	4416
1	4110
2	3573
3	3392
4	2207
#21-10-2013	statistika po 20 notach
0	3745
1	3753
2	2005
3	3047
4	2817
#22-10-2013	statistika po 20 notach
0	4791
1	3353
2	2264
3	2592
4	2113
#28-10-2013	statistika po 20 notach
0	4174
1	5384
2	2481
3	2463
4	2716
#29-10-2013	statistika po 20 notach
0	5977
1	3218
2	3492
3	3859
4	3629
#31-10-2013	statistika po 20 notach
0	4807
1	2294
2	3938
3	2945
4	2931
#01-11-2013	statistika po 20 notach
0	3081
1	2672
2	4112
3	2797
4	3481
#02-11-2013	statistika po 20 notach
0	2886
1	2623
2	1836
3	1926
4	1858
#03-11-2013	statistika po 20 notach
0	3016
1	2563
2	1876
3	1877
4	2322
5	1832
#04-11-2013	statistika po 20 notach
0	2556
1	2074
2	2039
3	2605
4	1805
#05-11-2013	statistika po 20 notach
0	3389
1	1887
2	2523
3	1595
4	2092
#06-11-2013	statistika po 20 notach
0	2304
1	2084
2	1811
3	1759
4	1929
#08-11-2013	statistika po 20 notach
0	3261
1	2264
2	3493
3	1883
4	1656
#10-11-2013	statistika po 20 notach
0	2776
1	2924
2	2284
3	2540
4	3078
#11-11-2013	statistika po 20 notach
0	2385
1	1946
2	2706
3	2189
4	2144
#12-11-2013	statistika po 20 notach
0	1962
1	2140
2	2316
3	2556
4	2500
#13-11-2013	statistika po 20 notach
0	3018
1	2203
2	1667
3	1481
4	2096
#14-11-2013	statistika po 20 notach
0	2018
1	2279
2	3528
3	2600
4	2325
#15-11-2013	statistika po 20 notach
0	2373
1	1787
2	1776
3	1473
4	1459
#16-11-2013	statistika po 20 notach
0	2684
1	2505
2	1878
3	2589
4	1789
#18-11-2013	statistika po 20 notach
0	2636
1	2263
2	3411
3	1631
4	1709
#19-11-2013	statistika po 20 notach
0	2603
1	1986
2	2370
3	1827
4	1825
#20-11-2013	statistika po 20 notach
0	1959
1	1479
2	1840
3	1876
4	1647
#21-11-2013	statistika po 20 notach
0	1860
1	2411
2	1907
3	2575
4	1575
#25-11-2013	statistika po 20 notach
0	2057
1	2312
2	2103
3	2204
4	1819
#26-11-2013	statistika po 20 notach
0	2611
1	2325
2	2028
3	2189
4	1798
#02-12-2013	statistika po 20 notach
0	1691
1	1596
2	1831
3	1978
4	1768
#03-12-2013	statistika po 20 notach
0	2310
1	2039
2	2074
3	3449
4	2497
#04-12-2013	statistika po 20 notach
0	2071
1	1844
2	1843
3	1734
4	1807
#23-12-2013	statistika po 20 notach
0	1769
1	2107
2	2371
3	2494
4	2247
#29-12-2013	statistika po 20 notach
0	3724
1	2246
#09-01-2014	statistika po 20 notach
0	3597
1	3679
2	2763
3	2772
4	2000
#25-01-2014	statistika po 20 notach
0	4351
1	4082
2	4360
3	3085
4	2656
#25-06-2014	statistika po 20 notach
0	4372
1	3317
2	4599
3	2230
4	2549
