#29-10-2013	statistika po 20 notach
0	4807
1	4500
2	5411
3	5445
4	3935
#31-10-2013	statistika po 20 notach
0	4729
1	3847
2	2910
3	3742
4	2967
#01-11-2013	statistika po 20 notach
0	4051
1	3753
2	2181
3	2345
4	2413
#02-11-2013	statistika po 20 notach
0	3746
1	2410
2	2369
3	3962
4	2001
#03-11-2013	statistika po 20 notach
0	3358
1	2843
2	1834
3	3000
4	1867
#04-11-2013	statistika po 20 notach
0	2465
1	2061
2	2113
3	2297
4	1867
#05-11-2013	statistika po 20 notach
0	3540
1	2304
2	2434
3	2072
4	2722
#06-11-2013	statistika po 20 notach
0	2367
1	2882
2	2446
3	2635
4	1941
#08-11-2013	statistika po 20 notach
0	2798
1	4215
2	1853
3	2095
4	2664
#10-11-2013	statistika po 20 notach
0	2389
1	2138
2	1461
3	1817
4	2044
#11-11-2013	statistika po 20 notach
0	4240
1	2382
2	2047
3	2343
4	2455
#12-11-2013	statistika po 20 notach
0	2448
1	2492
2	2055
3	2271
4	1862
#13-11-2013	statistika po 20 notach
0	2183
1	1596
2	1834
3	1747
4	1593
#14-11-2013	statistika po 20 notach
0	3687
1	3190
2	2368
3	1447
4	2298
#15-11-2013	statistika po 20 notach
0	3250
1	2317
2	1916
3	2216
4	2169
#16-11-2013	statistika po 20 notach
0	3107
1	2025
2	2142
3	1903
4	1971
#18-11-2013	statistika po 20 notach
0	2783
1	2699
2	2233
3	1549
4	1730
#19-11-2013	statistika po 20 notach
0	3012
1	2113
2	2238
3	1794
4	2170
#20-11-2013	statistika po 20 notach
0	3030
1	2662
2	1583
3	2366
4	1622
#21-11-2013	statistika po 20 notach
0	3964
1	2419
2	2153
3	2019
4	2247
#25-11-2013	statistika po 20 notach
0	3638
1	2388
2	2140
3	2400
4	1972
#26-11-2013	statistika po 20 notach
0	2751
1	2802
2	2442
3	2280
4	4063
#02-12-2013	statistika po 20 notach
0	3122
1	2015
2	2852
3	2149
4	1795
#03-12-2013	statistika po 20 notach
0	3304
1	2779
2	5829
3	2551
4	2480
#04-12-2013	statistika po 20 notach
0	2202
1	1861
2	2121
3	2136
4	2042
#23-12-2013	statistika po 20 notach
0	2874
1	2434
2	2672
3	3318
4	1761
#29-12-2013	statistika po 20 notach
0	2148
#29-12-2013	statistika po 20 notach
0	2141
1	2175
#09-01-2014	statistika po 20 notach
0	3140
1	3389
2	2909
3	2753
4	2930
#25-01-2014	statistika po 20 notach
0	3990
1	2963
2	2254
3	2936
4	2761
