#26-02-2013	statistika po 20 notach
0	2642
#26-02-2013	statistika po 20 notach
0	2305
1	2187
2	1838
3	2248
#26-02-2013	statistika po 20 notach
0	2173
1	2797
2	2532
3	2657
4	2477
#26-02-2013	statistika po 20 notach
0	4204
1	3473
#27-02-2013	statistika po 20 notach
0	2128
1	2247
2	2797
3	1929
4	2097
5	1823
6	2894
7	3185
8	2532
#27-02-2013	statistika po 20 notach
0	1783
1	3087
2	2825
3	2748
4	2834
5	2438
#28-02-2013	statistika po 20 notach
0	2988
1	4199
2	2111
3	2993
#03-03-2013	statistika po 20 notach
0	2179
1	2657
2	2079
3	2839
4	2041
5	1990
6	2166
#05-03-2013	statistika po 20 notach
0	2128
1	2573
2	2367
3	2083
4	2339
5	2392
#26-03-2013	statistika po 20 notach
0	2487
1	1939
2	2131
3	2123
4	1813
5	1259
#27-03-2013	statistika po 20 notach
0	1958
1	2352
2	2109
3	1927
4	2211
5	1563
6	1596
7	1440
8	1347
9	1349
10	1140
11	1316
12	1275
13	1265
14	1309
15	1340
#28-03-2013	statistika po 20 notach
0	1992
1	1756
2	1622
3	1535
4	1910
5	2309
#03-04-2013	statistika po 20 notach
0	1903
1	1406
2	1646
3	1646
4	2587
5	1401
6	1515
7	1284
8	1446
9	2206
#03-04-2013	statistika po 20 notach
0	1371
1	1605
2	1585
3	1164
4	1375
5	1199
6	1140
7	2053
8	1764
9	1304
#03-04-2013	statistika po 20 notach
0	1539
1	1196
2	1265
3	1729
4	1361
5	1223
6	1419
7	1399
8	1543
9	1323
#04-04-2013	statistika po 20 notach
0	1473
1	1444
2	2178
3	1575
4	1782
#09-04-2013	statistika po 20 notach
0	1619
1	1610
2	1404
3	1647
4	1689
5	1574
