#11-04-2013	statistika po 20 notach
0	2905
1	2094
2	2118
3	2596
4	3876
5	1971
6	2203
7	1815
8	2295
9	2325
#22-04-2013	statistika po 20 notach
0	2361
1	2140
2	1879
3	2036
4	1938
5	1966
6	1749
7	1986
8	2397
9	2227
#27-04-2013	statistika po 20 notach
0	3984
1	2543
2	2308
3	2788
4	3441
5	1763
6	2500
7	3052
8	2640
9	3104
#29-04-2013	statistika po 20 notach
0	1738
1	1553
2	1784
3	2071
4	1899
5	2020
6	1810
7	2531
8	2005
9	2688
10	1563
#30-04-2013	statistika po 20 notach
0	3580
1	2251
2	2384
3	2087
4	2431
5	2490
6	2484
7	2265
8	2398
9	2245
#04-05-2013	statistika po 20 notach
0	1985
1	1335
2	1410
3	1513
4	1386
5	1488
6	1294
7	1493
8	1692
9	1645
#06-05-2013	statistika po 20 notach
0	1694
1	1786
2	1724
3	1491
4	1600
5	1928
6	1590
7	1629
8	1546
9	1315
#09-05-2013	statistika po 20 notach
0	1657
1	1424
2	1297
3	1300
4	1364
5	1825
6	1454
7	1829
8	1802
9	1354
#13-05-2013	statistika po 20 notach
0	1493
1	1450
2	1372
3	1442
4	1339
5	1505
6	1294
7	1569
8	1399
9	1534
10	1405
#15-05-2013	statistika po 20 notach
0	1402
1	1351
2	1274
3	1640
4	1456
5	1587
6	1559
7	1497
8	1176
9	1669
10	1289
11	1379
#16-09-2013	statistika po 20 notach
0	4176
1	2255
2	2456
3	1777
4	3233
5	2304
6	2177
7	1899
8	3660
9	1881
#26-09-2013	statistika po 20 notach
0	3906
1	2748
2	2715
3	2587
4	2945
5	2086
6	3917
7	2316
8	2640
9	2201
#02-10-2013	statistika po 20 notach
0	6725
1	3625
2	6425
3	4514
4	5138
#03-10-2013	statistika po 20 notach
0	4885
1	4048
2	3964
3	4812
4	3469
#05-10-2013	statistika po 20 notach
0	3418
1	2718
2	2571
